<?xml version="1.0"?>
<opencv_storage>
<calibration_Time>"05/02/14 17:41:20"</calibration_Time>
<nrOfFrames>25</nrOfFrames>
<image_Width>640</image_Width>
<image_Height>480</image_Height>
<board_Width>9</board_Width>
<board_Height>6</board_Height>
<square_Size>23.</square_Size>
<FixAspectRatio>1.</FixAspectRatio>
<!-- flags:  +fix_aspectRatio +fix_principal_point -->
<flagValue>6</flagValue>
<Camera_Matrix type_id="opencv-matrix">
  <rows>3</rows>
  <cols>3</cols>
  <dt>d</dt>
  <data>
    9.1678347213490190e+002 0. 3.1950000000000000e+002 0.
    9.1678347213490190e+002 2.3950000000000000e+002 0. 0. 1.</data></Camera_Matrix>
<Distortion_Coefficients type_id="opencv-matrix">
  <rows>5</rows>
  <cols>1</cols>
  <dt>d</dt>
  <data>
    1.3042632883640140e-001 1.7748210662828783e+000
    1.8576851796720823e-003 1.0288021754544378e-002
    -1.9474183634904325e+001</data></Distortion_Coefficients>
<Avg_Reprojection_Error>3.8168128449604666e-001</Avg_Reprojection_Error>
<Per_View_Reprojection_Errors type_id="opencv-matrix">
  <rows>25</rows>
  <cols>1</cols>
  <dt>f</dt>
  <data>
    2.29999200e-001 2.34289706e-001 2.39884064e-001 2.52562314e-001
    2.62042314e-001 2.58432835e-001 2.81249762e-001 2.65428543e-001
    3.33224088e-001 2.65535861e-001 2.00771898e-001 3.52731138e-001
    3.33698899e-001 3.20662051e-001 5.91243625e-001 5.26207566e-001
    4.53265846e-001 3.37624878e-001 3.86946827e-001 5.02074838e-001
    5.00877440e-001 7.27110684e-001 5.02889276e-001 3.18861634e-001
    2.92539835e-001</data></Per_View_Reprojection_Errors>
<!-- a set of 6-tuples (rotation vector + translation vector) for each view -->
<Extrinsic_Parameters type_id="opencv-matrix">
  <rows>25</rows>
  <cols>6</cols>
  <dt>d</dt>
  <data>
    1.6628869001197644e-001 1.4356832418352189e-001
    3.1241678864223941e+000 1.1212699210288723e+002
    1.2789031177268747e+002 9.0505888519017776e+002
    1.6885903293926691e-001 1.5073113070885713e-001
    3.1242867467076540e+000 1.1167881767362971e+002
    1.2791275937008521e+002 9.0485443834603393e+002
    1.6393741237468490e-001 1.3922291158277003e-001
    3.1288287238064165e+000 1.1172256020275259e+002
    1.2936375605257820e+002 9.0584029878678086e+002
    1.6561860076474022e-001 1.3722723308677751e-001
    3.1312896940786157e+000 1.1129306808548208e+002
    1.2982310930818844e+002 9.0603650145681604e+002
    1.6017578479376329e-001 1.3325658051245340e-001
    3.1325821443813813e+000 1.1117887547051123e+002
    1.3006448602631349e+002 9.0687187900891183e+002
    1.5938452490707924e-001 1.3672596748525950e-001
    3.1337397033422087e+000 1.1109750929763511e+002
    1.3038675310615764e+002 9.0684619266170751e+002
    -1.5073843944314524e-001 -2.0063458301445974e-001
    -3.1255187133467688e+000 1.1041503529162327e+002
    1.2995318468010075e+002 9.0660535780628197e+002
    -1.5737553753711006e-001 -2.0399887579601320e-001
    -3.1262760565020313e+000 1.1016098808162290e+002
    1.2906755981209284e+002 9.0682239589737014e+002
    -1.4832937508660299e-001 -2.1975168243603069e-001
    -3.1232008955117943e+000 1.0841044205564235e+002
    1.2691103995223692e+002 9.0806905574416612e+002
    -1.5555263960395208e-001 -2.3548057107869316e-001
    -3.1164742273110786e+000 1.0576765007506482e+002
    1.2322689488208758e+002 9.0665569365903502e+002
    -1.5902597068525345e-001 -2.4298405283301852e-001
    -3.1159305511035247e+000 1.0247315207723081e+002
    1.1641640023321207e+002 9.0508461085074873e+002
    -1.7699589012534706e-001 -2.6220769733611454e-001
    -3.1231135699935701e+000 9.8944920236141030e+001
    1.0688042715048849e+002 8.9984767179100913e+002
    1.8210490413421740e-001 2.7415196943081732e-001
    3.1091683551221352e+000 9.0521696520591576e+001
    8.3414653885125247e+001 8.9162384261069974e+002
    7.9465154481195649e-002 2.2465150458244507e-001
    3.0997516214010217e+000 5.9088285700769354e+001
    6.3163710820567305e+000 9.0588297705724756e+002
    5.7782774590160624e-002 1.9526976027848242e-001
    3.1000824692647715e+000 5.7933528570565933e+001
    2.6340840722432954e+000 9.1037311667323024e+002
    4.9331986319664130e-002 2.1285366108915321e-001
    3.1000388691099592e+000 5.7127030137442127e+001
    1.2810430797362207e+000 9.1092488285251193e+002
    5.8586458053857787e-002 2.1569998059856293e-001
    3.1024666232513662e+000 5.4699047747830164e+001
    -2.2437578895775094e+000 9.1165489514570368e+002
    6.6600079848170762e-002 2.1467696418513457e-001
    3.1045608279460239e+000 5.2400089101416484e+001
    -5.2563784242658791e+000 9.1156691155619967e+002
    6.2126083431228087e-002 2.2334086449474852e-001
    3.1070278694441398e+000 5.0735258898949581e+001
    -7.3479931863563648e+000 9.1261202328332615e+002
    6.2655691571431957e-002 2.2801296173021593e-001
    3.1080779634828501e+000 4.8931537165977261e+001
    -9.6925175946857980e+000 9.1454710708039738e+002
    5.9159767594334021e-002 2.3909993927048495e-001
    3.1071761831440154e+000 4.6850081080476805e+001
    -1.2338980652616941e+001 9.1567308496464909e+002
    7.0247840677542889e-002 2.6163742282752278e-001
    3.1130410080900863e+000 3.8965663031412149e+001
    -1.8483193027802930e+001 9.1493564485026241e+002
    9.0917239995682367e-002 2.6853575660197038e-001
    3.1168100586262764e+000 2.9789496272060642e+001
    -2.3650993959058411e+001 9.1458234835645874e+002
    1.5583036792707572e-001 2.6497144230431746e-001
    3.1058166623545764e+000 8.5024333051161456e+000
    -3.4793717352637564e+001 9.1341533875993696e+002
    6.7683676202461740e-002 1.3059637549946104e-001
    -2.9729347424697630e+000 -7.2611578132538483e+001
    1.2205481745863938e+001 8.4148750599480127e+002</data></Extrinsic_Parameters>
